Threshold    First_Threshold Edge_Efficiency Track_Efficiency
------------------------------------------------------------
0.4000       0.5000          0.7929          0.5624         
0.4000       0.5500          0.7915          0.5668         
0.4000       0.6000          0.7874          0.5708         
0.4000       0.6500          0.7777          0.5738         
0.4000       0.7000          0.7681          0.5871         
0.4000       0.7500          0.7533          0.6047         
0.4000       0.8000          0.7347          0.6376         
0.4000       0.8500          0.7164          0.6811         
0.4000       0.9000          0.7020          0.7204         
0.4500       0.5000          0.7924          0.5627         
0.4500       0.5500          0.7913          0.5672         
0.4500       0.6000          0.7877          0.5719         
0.4500       0.6500          0.7784          0.5753         
0.4500       0.7000          0.7696          0.5895         
0.4500       0.7500          0.7549          0.6073         
0.4500       0.8000          0.7356          0.6395         
0.4500       0.8500          0.7173          0.6827         
0.4500       0.9000          0.7018          0.7208         
0.5000       0.5000          0.7912          0.5635         
0.5000       0.5500          0.7906          0.5686         
0.5000       0.6000          0.7875          0.5739         
0.5000       0.6500          0.7787          0.5781         
0.5000       0.7000          0.7709          0.5941         
0.5000       0.7500          0.7568          0.6128         
0.5000       0.8000          0.7372          0.6445         
0.5000       0.8500          0.7187          0.6871         
0.5000       0.9000          0.7014          0.7236         
0.5500       0.5000          0.7903          0.5642         
0.5500       0.5500          0.7900          0.5702         
0.5500       0.6000          0.7869          0.5753         
0.5500       0.6500          0.7790          0.5810         
0.5500       0.7000          0.7710          0.5966         
0.5500       0.7500          0.7572          0.6156         
0.5500       0.8000          0.7384          0.6476         
0.5500       0.8500          0.7177          0.6886         
0.5500       0.9000          0.7001          0.7246         
0.6000       0.5000          0.7881          0.5647         
0.6000       0.5500          0.7880          0.5709         
0.6000       0.6000          0.7850          0.5762         
0.6000       0.6500          0.7775          0.5821         
0.6000       0.7000          0.7700          0.5980         
0.6000       0.7500          0.7566          0.6169         
0.6000       0.8000          0.7373          0.6483         
0.6000       0.8500          0.7163          0.6886         
0.6000       0.9000          0.6977          0.7236         
0.6500       0.5000          0.7848          0.5663         
0.6500       0.5500          0.7850          0.5721         
0.6500       0.6000          0.7824          0.5778         
0.6500       0.6500          0.7751          0.5841         
0.6500       0.7000          0.7683          0.6008         
0.6500       0.7500          0.7554          0.6208         
0.6500       0.8000          0.7361          0.6513         
0.6500       0.8500          0.7145          0.6909         
0.6500       0.9000          0.6954          0.7253         
0.7000       0.5000          0.7801          0.5667         
0.7000       0.5500          0.7799          0.5722         
0.7000       0.6000          0.7779          0.5787         
0.7000       0.6500          0.7710          0.5855         
0.7000       0.7000          0.7651          0.6023         
0.7000       0.7500          0.7527          0.6230         
0.7000       0.8000          0.7330          0.6525         
0.7000       0.8500          0.7104          0.6911         
0.7000       0.9000          0.6910          0.7250         
0.7500       0.5000          0.7716          0.5655         
0.7500       0.5500          0.7714          0.5712         
0.7500       0.6000          0.7697          0.5777         
0.7500       0.6500          0.7633          0.5845         
0.7500       0.7000          0.7579          0.6014         
0.7500       0.7500          0.7449          0.6209         
0.7500       0.8000          0.7259          0.6503         
0.7500       0.8500          0.7027          0.6878         
0.7500       0.9000          0.6824          0.7210         
0.8000       0.5000          0.7577          0.5633         
0.8000       0.5500          0.7577          0.5691         
0.8000       0.6000          0.7560          0.5762         
0.8000       0.6500          0.7504          0.5836         
0.8000       0.7000          0.7448          0.6003         
0.8000       0.7500          0.7323          0.6195         
0.8000       0.8000          0.7130          0.6468         
0.8000       0.8500          0.6891          0.6820         
0.8000       0.9000          0.6689          0.7139         
