Threshold    First_Threshold Edge_Efficiency Track_Efficiency
------------------------------------------------------------
0.7000       0.6000          0.5353          0.5153         
0.7000       0.7000          0.5420          0.5824         
0.7000       0.8000          0.5571          0.6837         
0.8000       0.6000          0.5366          0.5243         
0.8000       0.7000          0.5383          0.5966         
0.8000       0.8000          0.5494          0.7045         
0.9000       0.6000          0.4597          0.4773         
0.9000       0.7000          0.4713          0.5364         
0.9000       0.8000          0.4855          0.6264         
